-999	285	421	367	100	83	463	
285	-999	53	101	311	109	225	
421	53	-999	65	121	417	25	
367	101	65	-999	48	72	166	
100	311	121	48	-999	445	18	
83	109	417	72	445	-999	482	
463	225	25	166	18	482	-999	
